0.0 6.5200e+03 7.6800e+13 6.0000e+13
100.0 5.4100e+03 9.8900e+12 1.4000e+12
200.0 4.9900e+03 3.9300e+12 1.1000e+11
300.0 4.7700e+03 1.7100e+12 2.3800e+10
400.0 4.5600e+03 7.2400e+11 6.7000e+09
500.0 4.4071e+03 3.0314e+11 2.7057e+09
600.0 4.5500e+03 1.2600e+11 5.4600e+09
700.0 5.0045e+03 8.3482e+10 3.2955e+10
800.0 5.4690e+03 1.0661e+11 8.3040e+10
900.0 5.7445e+03 1.2310e+11 1.1080e+11
1000.0 5.9000e+03 1.1000e+11 1.1000e+11
1100.0 6.0573e+03 9.6269e+10 9.6269e+10
1200.0 6.2188e+03 8.4252e+10 8.4252e+10
1300.0 6.3847e+03 7.3735e+10 7.3735e+10
1400.0 6.5549e+03 6.4531e+10 6.4531e+10
1500.0 6.7297e+03 5.6476e+10 5.6476e+10
1600.0 6.9092e+03 4.9426e+10 4.9426e+10
1700.0 7.0934e+03 4.3256e+10 4.3256e+10
1800.0 7.2825e+03 3.7857e+10 3.7857e+10
1900.0 7.4767e+03 3.3131e+10 3.3131e+10
2000.0 7.6761e+03 2.8996e+10 2.8996e+10
2100.0 7.8808e+03 2.5376e+10 2.5376e+10
2200.0 8.0909e+03 2.2209e+10 2.2209e+10
2300.0 8.3067e+03 1.9436e+10 1.9436e+10
2400.0 8.5282e+03 1.7010e+10 1.7010e+10
2500.0 8.7556e+03 1.4887e+10 1.4887e+10
2600.0 8.9890e+03 1.3029e+10 1.3029e+10
2700.0 9.2287e+03 1.1402e+10 1.1402e+10
2800.0 9.4748e+03 9.9790e+09 9.9790e+09
2900.0 9.7275e+03 8.7333e+09 8.7333e+09
3000.0 9.9868e+03 7.6432e+09 7.6432e+09
3100.0 1.0253e+04 6.6891e+09 6.6891e+09
3200.0 1.0527e+04 5.8541e+09 5.8541e+09
3300.0 1.0807e+04 5.1234e+09 5.1234e+09
3400.0 1.1095e+04 4.4838e+09 4.4838e+09
3450.0 1.1242e+04 4.1947e+09 4.1947e+09
3500.0 1.2921e+04 3.9171e+09 3.9171e+09
3550.0 8.9536e+04 3.3051e+09 3.3051e+09
3600.0 1.6723e+05 2.6583e+09 2.6583e+09
3650.0 2.5304e+05 1.7297e+09 1.7297e+09
3700.0 2.9924e+05 1.5281e+09 1.5281e+09
3750.0 3.4544e+05 1.3264e+09 1.3264e+09
3800.0 3.9164e+05 1.1247e+09 1.1247e+09
3900.0 4.2154e+05 1.0526e+09 1.0526e+09
4000.0 4.4674e+05 1.0055e+09 1.0055e+09
4100.0 4.7194e+05 9.5829e+08 9.5829e+08
4250.0 5.0974e+05 8.8755e+08 8.8755e+08
4450.0 5.6014e+05 7.9322e+08 7.9322e+08
4700.0 6.2315e+05 6.7531e+08 6.7531e+08
5000.0 6.5724e+05 6.3503e+08 6.3503e+08
5400.0 6.9633e+05 5.9687e+08 5.9687e+08
5900.0 7.4518e+05 5.4917e+08 5.4917e+08
6550.0 8.0180e+05 4.9648e+08 4.9648e+08
7400.0 8.4500e+05 4.6925e+08 4.6925e+08
8500.0 9.0090e+05 4.3401e+08 4.3401e+08
9850.0 9.6951e+05 3.9076e+08 3.9076e+08
11650.0 1.0195e+06 3.6040e+08 3.6040e+08
13900.0 1.0561e+06 3.3952e+08 3.3952e+08
16800.0 1.1033e+06 3.1260e+08 3.1260e+08
20550.0 1.1644e+06 2.7780e+08 2.7780e+08
25350.0 1.2425e+06 2.3325e+08 2.3325e+08
31450.0 1.3270e+06 1.9654e+08 1.9654e+08
39300.0 1.4319e+06 1.5440e+08 1.5440e+08